100
0 42 93
94 97 40
21 57 27
89 93 7
50 95 98
33 57 94
29 56 72
7 14 63
87 89 61
88 97 61
7 97 88
78 80 63
39 52 41
19 52 40
34 54 61
2 78 48
76 78 2
18 86 51
58 61 96
19 78 34
62 88 36
87 93 72
74 83 25
80 98 1
30 95 2
46 90 73
98 99 73
39 46 100
0 99 51
70 94 50
70 95 15
49 69 99
6 45 20
96 99 17
39 51 71
62 82 95
43 57 65
92 95 45
9 78 89
91 95 2
47 62 66
84 95 64
41 77 67
15 31 30
85 97 53
93 95 35
83 84 68
78 80 35
28 37 89
50 88 76
82 95 96
59 66 95
90 95 11
53 84 84
30 78 20
93 97 90
49 50 62
83 86 6
29 92 11
6 58 52
92 95 40
31 88 38
8 48 46
32 36 5
22 63 41
20 52 92
69 90 28
30 69 92
79 98 47
55 89 60
80 89 27
64 92 20
16 77 49
63 76 54
58 88 71
83 88 38
31 39 19
9 81 81
41 96 52
84 91 2
67 92 17
28 75 79
77 98 13
17 58 49
35 62 74
4 36 65
73 75 19
17 30 39
39 43 80
22 94 14
73 84 95
44 83 82
45 71 67
19 76 76
50 59 3
48 57 31
5 68 21
18 60 29
20 34 66
53 84 56
55 77 90
73 97 70
86 93 14
58 76 74
62 83 36
54 96 60
34 94 73
76 98 13
53 66 34
55 75 13
9 17 73
10 37 18
70 82 2
57 85 37
43 83 16
26 93 98
65 71 3
72 92 60
80 85 29
37 86 28
23 75 29
87 88 68
37 67 42
75 97 58
58 75 95
15 44 70
92 93 74
51 95 45
97 98 52
54 86 32
60 76 8
16 26 73
29 75 1
45 59 56
15 26 57
20 48 98
82 92 29
91 99 65
38 50 51
68 71 13
40 80 80
69 91 48
0 14 77
53 81 13
52 85 24
52 60 89
62 81 93
66 98 78
82 88 18
97 98 47
15 49 9
19 20 45
37 93 31
41 93 32
48 63 54
92 98 31
1 45 54
66 83 43
91 99 60
62 74 80
94 98 31
39 58 26
8 27 88
11 61 17
90 92 52
63 83 28
91 92 29
71 93 2
96 97 8
38 80 19
10 21 32
69 77 10
75 88 75
67 94 7
62 77 81
50 52 60
30 80 49
37 64 75
6 48 95
65 95 6
44 93 94
91 95 84
4 43 17
38 72 65
14 76 30
86 88 10
21 38 31
80 83 71
92 96 55
72 76 42
97 98 46
22 89 9
46 78 14
4 53 84
96 99 76
30 90 67
98 99 6
74 81 15
16 83 39
94 97 62
48 74 86
42 61 63
98 99 100
75 90 17
32 49 96
97 98 41
23 82 8
49 64 38
0 41 11
51 60 21
52 83 44
98 99 86
79 87 70
87 91 39
67 84 86
75 84 54
27 68 61
38 77 8
77 92 30
64 90 24
22 98 57
40 89 1
27 72 67
0 72 21
53 58 67
10 66 24
17 69 72
84 95 95
45 63 19
12 55 44
46 78 98
84 99 56
90 92 32
80 84 92
50 67 39
38 41 53
10 46 78
82 97 60
97 98 31
66 99 97
14 17 68
48 65 66
30 38 23
11 89 42
22 26 59
87 91 2
36 93 57
63 71 29
12 99 73
73 77 25
68 84 29
52 75 48
6 41 35
98 99 85
94 98 91
