50
20 34 1
27 46 20
15 41 5
46 47 34
42 49 30
17 38 26
4 9 40
3 20 18
29 41 28
15 22 46
15 49 9
16 27 24
10 33 11
4 42 12
30 39 47
29 36 4
24 28 29
5 8 4
4 29 48
21 49 25
31 47 29
32 43 27
15 30 22
43 46 21
31 38 44
25 34 23
12 24 31
22 32 15
24 30 20
46 48 37
26 43 23
0 25 38
9 38 15
39 45 47
43 47 13
16 27 44
15 18 50
6 22 19
2 49 14
18 40 20
45 47 45
11 27 17
11 37 49
30 42 38
2 25 16
48 49 23
30 43 3
38 48 17
46 47 31
44 49 3
20 31 17
12 35 8
29 39 19
25 46 29
22 35 18
2 49 16
46 48 23
35 47 20
40 42 22
48 49 7
32 38 7
3 48 16
3 38 48
12 13 16
14 41 8
32 33 38
32 43 6
14 42 25
37 46 7
20 21 27
2 4 41
22 38 19
9 22 13
36 47 27
31 39 49
21 29 40
19 40 47
34 39 31
0 32 13
11 29 49
14 31 9
39 41 10
33 40 15
34 43 19
42 47 43
41 45 12
29 34 36
22 24 22
28 44 5
7 38 3
24 35 42
19 23 33
48 49 20
46 47 28
5 34 15
32 45 7
47 48 28
1 19 36
34 38 25
31 47 30
14 45 46
4 18 21
12 46 44
2 26 11
30 34 27
3 22 40
16 18 15
24 35 35
20 40 47
12 43 39
21 42 41
20 39 2
27 38 24
18 39 41
39 44 31
21 39 2
23 27 22
20 39 23
0 36 5
11 27 46
36 47 15
36 38 21
11 45 15
5 37 40
30 42 21
42 49 1
35 43 6
7 42 32
41 46 26
8 26 10
42 48 42
14 20 24
28 48 9
18 28 40
46 47 23
25 26 34
22 32 39
23 41 5
25 27 8
40 42 5
1 40 17
14 18 42
15 27 25
13 18 25
24 46 27
30 49 38
14 45 7
28 45 3
25 26 36
41 44 37
7 27 39
22 26 9
18 48 14
47 49 14
22 40 11
3 42 49
1 35 8
34 43 39
39 44 1
16 33 46
35 47 26
19 34 10
35 38 50
18 47 33
14 33 10
1 47 27
9 22 1
6 29 4
39 40 33
39 44 49
36 42 34
35 39 14
40 48 37
35 49 25
18 39 40
11 47 3
43 45 10
46 47 13
33 42 19
1 41 16
16 37 48
45 46 19
10 11 4
44 45 34
31 39 18
29 37 8
42 45 12
27 37 24
13 17 36
38 44 20
38 39 24
33 35 7
39 41 34
18 40 14
31 38 40
43 49 16
7 31 31
11 12 29
1 35 21
46 48 42