100
89 97 11
93 95 15
27 28 5
6 51 18
41 68 19
42 43 17
48 83 3
80 81 20
33 34 1
0 1 6
21 40 11
60 89 1
20 72 3
81 89 17
98 99 14
65 91 18
7 8 13
60 66 17
23 24 18
82 83 4
18 46 4
70 71 17
84 85 2
64 84 10
35 69 7
57 78 13
0 74 20
21 76 15
49 86 1
87 88 1
97 98 10
48 95 16
21 74 18
11 63 18
12 51 12
38 39 19
97 99 11
24 25 12
33 45 3
39 87 8
32 70 14
95 97 1
41 80 4
76 77 10
52 53 6
1 71 18
90 97 12
25 26 1
18 61 10
47 60 10
33 75 1
45 53 4
85 89 15
40 60 8
50 51 2
7 49 13
79 83 5
97 98 12
71 72 7
89 98 14
50 87 7
72 93 12
60 94 1
28 53 11
8 9 18
48 57 12
35 46 1
96 97 8
44 95 7
83 84 9
43 44 17
70 79 7
95 98 11
0 30 9
90 91 16
64 75 14
53 66 1
14 15 6
69 70 4
51 99 5
46 70 6
54 84 6
31 99 13
70 85 14
74 91 1
61 95 2
51 74 3
6 7 12
41 42 6
49 50 12
77 88 4
79 80 2
28 56 18
76 91 4
73 81 6
4 5 6
45 81 6
25 81 5
54 55 9
96 98 18
55 65 5
84 93 3
72 79 18
13 60 5
77 78 2
79 86 8
48 49 7
36 37 11
78 79 19
66 70 10
12 13 16
24 86 4
68 76 20
8 72 17
7 50 9
67 68 8
18 74 10
86 87 20
89 90 10
3 4 18
7 30 6
6 90 5
29 35 5
89 91 18
97 99 1
9 10 14
1 33 15
97 99 10
4 41 3
63 76 4
20 21 11
41 92 14
75 76 7
64 65 4
68 88 5
94 98 12
91 94 8
67 92 4
22 23 2
8 71 2
37 57 18
86 95 17
73 74 7
89 99 15
40 47 7
6 98 11
41 63 8
59 60 16
61 77 18
17 78 2
35 36 5
77 78 6
9 65 7
23 78 11
85 86 9
37 56 19
63 95 10
88 90 13
88 89 15
62 98 12
61 62 14
7 34 17
40 41 2
94 98 14
68 75 7
38 66 19
18 66 1
11 17 6
12 31 10
44 45 14
1 4 20
32 33 17
34 97 13
93 94 13
29 30 13
13 14 18
63 90 7
55 56 20
67 85 3
14 92 17
7 68 12
40 62 18
94 95 11
33 49 13
20 68 2
46 58 6
34 58 5
66 67 4
16 61 13
60 88 10
78 99 12
15 16 2
93 97 14
65 66 5
66 70 9
48 81 4
40 58 11
50 51 5
91 92 5
49 57 1
62 63 10
47 48 5
2 3 14
74 75 15
12 54 4
29 61 2
34 35 3
31 32 6
95 96 17
37 83 16
17 60 3
50 54 16
19 20 7
71 79 6
60 61 19
21 22 6
30 31 5
35 58 12
57 58 15
32 75 9
77 87 6
56 57 14
40 55 17
15 18 10
77 87 15
80 85 9
18 19 3
84 90 8
45 46 15
16 17 20
10 11 9
9 90 15
26 27 7
61 72 6
54 86 3
88 95 18
17 18 17
27 41 20
64 65 15
83 94 9
93 97 18
76 79 17
11 72 12
4 54 20
86 89 3
16 83 4
82 91 8
28 29 9
34 71 18
14 83 20
46 50 20
72 73 10
98 99 1
53 54 19
56 96 16
22 29 4
66 68 9
63 64 6
78 79 15
68 71 2
92 93 10
24 29 15
18 42 18
29 86 1
46 47 11
4 14 4
91 96 18
74 80 17
41 98 6
3 89 10
60 85 20
81 82 19
37 68 16
39 40 8
68 69 13
13 81 8
23 65 5
36 89 20
5 6 15
2 99 18
14 16 5
10 68 10
1 2 6
14 87 1
86 96 19
50 66 5
11 12 11
57 63 2
31 72 8
17 85 20
91 95 12
15 16 10
59 60 17
25 26 15
22 67 8
51 52 12
58 59 9
37 38 20
20 41 13
84 85 9