100
0 51 974
0 31 968
0 33 915
0 53 996
0 29 913
0 21 945
0 82 933
0 5 951
0 18 917
0 85 916
0 32 927
0 12 976
0 45 1000
0 9 925
0 39 953
0 7 991
0 84 960
0 80 953
0 3 980
0 77 929
0 49 997
0 98 992
0 55 914
0 65 963
0 38 955
0 27 936
0 72 980
0 11 951
0 30 942
0 64 953
0 41 978
0 97 995
0 48 994
0 35 902
0 60 946
0 79 959
0 56 966
0 52 932
0 68 931
0 13 991
0 17 970
0 90 954
0 91 919
0 8 912
0 43 973
0 69 988
0 81 962
0 63 941
0 74 941
0 1 975
0 47 969
0 54 976
0 24 935
0 95 995
0 44 940
0 26 999
0 58 969
0 6 940
0 73 939
0 61 983
0 14 917
0 75 914
0 34 980
0 88 978
0 37 923
0 10 914
0 20 955
0 86 900
0 67 914
0 57 976
0 62 911
0 50 955
0 70 942
0 28 917
0 87 953
0 15 960
0 19 939
0 76 930
0 83 987
0 96 917
0 78 984
0 46 920
0 66 987
0 89 900
0 4 941
0 40 961
0 23 908
0 2 979
0 42 926
0 93 977
0 94 950
0 59 947
0 25 999
0 22 948
0 16 971
0 71 934
0 99 982
0 36 953
0 92 979
1 99 933
1 57 246
1 76 478
1 35 510
2 56 753
2 99 956
2 10 68
2 24 990
3 57 630
3 99 901
3 32 180
4 87 957
4 55 409
4 41 468
4 99 990
4 60 57
5 99 910
5 3 209
6 48 193
6 99 991
6 22 868
6 45 944
6 89 573
7 73 745
7 52 717
7 66 680
7 89 491
7 99 912
8 10 831
8 77 456
8 82 739
8 99 935
9 47 367
9 99 980
10 82 208
10 99 912
10 69 893
11 99 981
11 5 372
12 60 358
12 82 369
12 99 934
13 41 870
13 99 934
14 99 987
14 87 614
14 53 16
15 53 578
15 43 327
15 99 966
16 10 10
16 14 806
16 44 288
16 9 790
16 99 953
17 99 920
17 27 902
17 41 883
18 99 970
18 57 761
19 5 503
19 56 992
19 99 949
20 84 135
20 99 997
20 8 413
21 99 927
21 4 596
21 17 965
22 7 569
22 15 572
22 99 928
23 99 969
23 97 742
23 83 248
23 19 923
24 48 741
24 99 985
25 80 229
25 20 555
25 99 982
26 96 409
26 99 910
27 47 743
27 10 419
27 61 246
27 99 985
28 99 942
29 15 530
29 99 985
29 66 424
30 99 957
30 98 792
30 80 984
30 71 810
30 53 449
31 99 1000
31 70 588
32 75 612
32 43 18
32 99 911
32 94 669
32 65 303
33 46 571
33 50 98
33 26 927
33 99 919
34 74 868
34 99 974
34 37 941
34 19 630
35 25 931
35 99 965
35 48 684
35 53 739
35 94 465
35 88 808
36 83 408
36 99 992
36 25 971
37 64 586
37 99 982
38 55 474
38 99 1000
38 14 187
38 80 895
39 99 930
39 35 438
39 60 970
39 14 304
39 64 601
40 99 968
40 95 928
40 29 922
40 7 345
41 90 771
41 99 952
42 99 937
43 63 466
43 30 945
43 38 944
43 99 978
44 4 408
44 99 997
45 82 486
45 99 983
46 45 276
46 50 977
46 99 972
46 95 712
46 65 241
46 44 381
47 99 955
47 13 375
48 39 28
48 99 973
48 43 881
49 59 513
49 87 39
49 99 902
49 31 311
50 99 904
50 75 648
50 6 255
50 5 782
50 85 984
51 99 983
51 75 854
52 19 749
52 99 918
53 99 904
54 99 996
54 52 516
55 32 1000
55 99 999
55 75 902
55 87 334
56 27 198
56 48 225
56 99 956
57 99 913
57 14 576
58 78 692
58 23 248
58 99 958
59 99 921
59 95 225
59 32 447
60 24 841
60 14 896
60 99 997
61 99 943
61 36 889
61 1 684
61 9 377
62 99 975
62 45 666
63 99 939
64 99 934
65 40 281
65 49 851
65 99 958
65 23 498
65 68 9
66 84 793
66 99 934
66 58 244
67 76 700
67 99 998
68 99 932
69 99 905
70 54 94
70 99 996
71 99 1000
71 94 365
72 99 975
72 60 929
73 37 149
73 89 781
73 99 937
73 90 80
73 56 393
73 1 322
73 80 815
74 38 736
74 99 961
74 96 980
74 15 995
74 45 877
75 99 903
75 61 485
76 99 902
76 35 107
76 16 219
77 11 377
77 83 931
77 6 525
77 99 952
78 6 719
78 84 660
78 92 836
78 99 997
79 99 955
79 92 351
79 39 195
80 99 932
80 91 624
80 51 132
81 99 955
81 57 399
82 18 400
82 99 994
83 99 930
83 2 326
84 32 375
84 13 355
84 99 947
84 33 541
85 96 573
85 75 945
85 99 989
86 9 299
86 89 764
86 99 924
87 68 938
87 99 971
88 99 942
88 52 390
88 30 22
88 75 420
89 99 915
89 70 21
89 94 220
89 96 899
89 90 613
90 99 956
90 48 545
90 76 723
91 99 916
91 26 855
92 56 900
92 46 747
92 27 58
92 99 905
93 99 933
93 32 608
94 36 571
94 99 947
95 41 14
95 16 334
95 3 739
95 99 961
96 99 933
96 62 161
96 36 869
97 99 993
97 5 14
97 50 448
97 35 966
98 99 949
98 83 135
