200
0 63 948
0 98 905
0 66 980
0 29 927
0 62 969
0 27 970
0 25 911
0 49 904
0 42 954
0 31 953
0 55 920
0 41 994
0 57 965
0 18 903
0 35 927
0 32 940
0 1 971
0 23 971
0 61 939
0 81 917
0 44 909
0 46 973
0 40 987
0 47 901
0 84 959
0 10 991
0 68 960
0 88 938
0 77 937
0 56 972
0 4 957
0 71 956
0 16 997
0 50 919
0 37 985
0 80 910
0 78 985
0 85 975
0 2 940
0 82 969
0 97 976
0 13 1000
0 64 902
0 36 992
0 6 978
0 96 984
0 90 913
0 33 927
0 73 999
0 59 957
0 9 974
0 89 994
0 52 926
0 51 958
0 26 910
0 48 915
0 75 901
0 86 928
0 99 965
0 65 981
0 69 951
0 39 974
0 43 944
0 20 951
0 12 947
0 87 977
0 45 980
0 92 948
0 70 947
0 14 903
0 21 910
0 93 926
0 54 952
0 30 982
0 95 962
0 38 967
0 19 944
0 74 916
0 3 977
0 58 940
0 7 974
0 91 955
0 72 955
0 83 964
0 28 987
0 79 971
0 76 929
0 11 966
0 94 991
0 8 915
0 34 927
0 67 978
0 22 939
0 24 975
0 15 917
0 60 916
0 100 979
0 17 972
0 53 903
0 5 993
1 31 501
1 107 742
1 89 701
1 75 978
2 75 256
2 55 292
2 113 504
3 59 326
3 191 4
4 66 997
4 24 543
4 167 240
5 136 215
5 93 453
5 177 158
5 12 305
6 192 274
6 70 516
7 155 491
7 178 616
8 150 153
8 96 410
8 35 739
9 170 790
9 79 606
9 40 92
9 31 775
9 103 343
10 79 867
10 183 504
10 23 226
10 91 907
10 11 510
11 130 731
11 59 172
11 46 1000
11 69 537
12 80 429
12 188 371
12 183 610
12 10 133
13 133 834
13 148 562
14 119 817
14 156 679
14 47 378
15 195 25
16 34 997
16 114 412
17 157 90
17 183 879
18 78 869
18 117 568
18 112 878
19 48 557
19 12 862
20 47 554
20 46 107
21 116 99
21 85 677
21 108 654
22 121 171
23 63 231
23 192 557
24 7 683
24 23 145
24 135 800
25 104 635
26 56 366
26 84 36
26 154 599
27 75 588
28 81 287
29 42 665
29 47 524
29 153 895
30 5 946
30 76 834
31 81 426
31 129 28
31 149 990
31 75 609
31 64 687
31 87 297
32 43 357
32 77 821
33 160 181
33 175 950
33 50 137
34 139 764
36 53 107
36 136 989
37 160 481
37 103 471
37 53 874
37 23 151
37 127 337
37 74 559
38 153 339
38 102 373
38 37 117
38 67 449
39 166 94
39 97 96
39 15 116
40 7 267
40 20 841
40 163 835
40 143 115
41 170 639
41 135 717
42 70 860
42 20 179
42 92 562
42 35 395
42 132 52
42 23 88
43 189 151
43 65 219
44 27 746
44 133 173
44 88 672
44 51 222
44 190 408
44 21 416
45 108 374
45 55 263
45 169 472
45 149 442
47 178 236
47 37 909
47 69 992
48 61 953
48 1 142
48 13 887
49 108 21
49 187 156
49 68 556
49 165 326
49 144 331
50 134 509
50 180 814
50 40 345
51 71 223
51 127 196
51 164 813
51 106 871
51 131 828
52 154 254
52 58 676
52 37 720
52 103 781
53 111 725
53 50 308
53 24 695
53 195 888
54 101 957
54 117 419
54 190 910
54 105 927
55 24 620
55 32 931
55 49 938
56 40 635
56 82 752
56 5 993
56 55 850
56 103 824
56 28 439
57 196 868
57 35 737
57 70 866
58 103 821
58 193 825
58 72 223
58 129 789
58 70 595
59 23 457
59 13 347
59 171 370
59 163 778
59 43 30
60 192 96
60 107 815
60 141 133
60 129 331
61 195 559
62 185 150
62 129 123
62 87 359
62 100 963
62 2 879
62 193 575
62 184 332
62 54 231
62 65 314
62 27 337
63 117 69
63 153 866
64 1 189
64 71 772
64 129 925
64 170 41
65 120 762
65 70 936
65 55 88
66 116 290
66 181 557
66 115 852
67 80 76
67 132 490
67 169 614
67 154 462
67 60 529
67 145 854
68 159 479
68 19 856
69 139 177
69 128 502
69 161 292
69 133 978
69 172 541
70 146 212
70 71 446
70 141 732
70 24 412
71 110 148
71 142 247
72 187 134
72 42 245
72 175 603
72 191 71
72 73 707
72 177 881
73 57 667
73 141 80
73 46 713
73 74 293
73 77 694
73 84 584
74 166 569
74 69 375
75 144 693
75 149 994
75 55 394
75 52 276
76 104 516
76 36 16
77 185 584
77 41 276
78 90 467
78 184 859
78 98 181
78 131 942
79 136 318
79 52 60
80 134 6
80 44 969
80 91 880
80 194 809
81 122 581
82 58 205
82 175 431
82 70 573
82 190 897
82 144 967
83 71 882
84 53 960
85 35 957
85 152 590
86 87 247
86 132 253
86 73 160
86 18 319
86 64 372
86 188 471
87 192 650
87 170 714
87 166 68
88 189 585
89 66 73
90 55 784
90 157 616
90 142 809
91 105 106
91 176 180
91 93 922
91 164 811
91 182 892
92 99 96
92 75 115
93 54 959
94 91 471
94 25 745
94 161 631
94 132 954
94 80 329
94 107 634
95 88 955
95 194 950
95 112 589
95 18 671
97 185 558
97 19 284
97 147 357
97 133 807
98 34 683
99 135 550
99 199 943
99 198 907
99 46 41
99 192 769
99 133 682
100 162 647
100 88 966
100 199 946
101 68 915
101 32 73
101 199 972
102 105 685
102 199 928
102 74 203
102 192 394
102 139 256
103 53 830
103 169 753
103 105 593
103 199 941
104 145 862
104 199 927
104 12 504
104 151 189
105 199 907
106 113 477
106 97 951
106 41 286
106 199 989
106 108 150
107 197 703
107 199 990
107 92 682
108 29 725
108 199 992
109 100 379
109 49 95
109 79 39
109 95 922
109 128 508
109 199 927
110 157 355
110 187 777
110 119 27
110 101 29
110 199 986
111 199 921
111 110 935
112 57 963
112 179 635
112 140 648
112 199 975
112 166 342
113 199 939
114 184 928
114 189 452
114 199 986
115 112 984
115 30 643
115 199 902
116 19 899
116 199 934
117 183 688
117 99 301
117 91 18
117 199 994
117 68 146
117 105 627
117 135 966
117 73 96
118 160 716
118 37 749
118 110 816
118 199 976
118 61 462
118 125 463
119 80 353
119 124 614
119 199 906
120 11 396
120 199 993
121 66 63
121 199 916
121 113 435
121 45 536
121 195 572
121 160 736
122 68 151
122 153 864
122 199 955
122 63 235
122 52 634
122 36 761
123 137 848
123 113 908
123 199 988
123 116 903
124 199 937
124 176 101
125 199 913
125 190 129
126 36 835
126 34 244
126 66 93
126 199 980
126 194 330
127 199 924
127 69 827
127 18 804
127 128 893
127 10 60
127 170 601
127 129 913
128 199 948
128 27 131
128 21 586
128 153 438
129 183 181
129 89 591
129 199 941
129 123 20
130 199 985
131 158 656
131 199 967
131 43 950
131 14 68
131 44 858
131 87 806
131 173 22
131 71 671
132 199 937
132 53 779
132 162 753
132 173 326
132 97 703
133 199 987
133 178 553
133 118 492
134 150 432
134 199 915
134 12 547
134 37 72
134 67 71
135 199 993
135 67 432
136 39 153
136 199 930
136 166 943
137 167 261
137 114 682
137 129 330
137 199 918
138 109 903
138 134 917
138 17 828
138 143 884
138 96 538
138 75 65
138 83 437
138 199 983
139 191 926
139 19 800
139 186 712
139 199 919
139 100 23
139 170 402
140 52 916
140 199 938
141 167 253
141 175 847
141 145 373
141 74 302
141 181 113
141 59 765
141 22 68
141 199 923
142 32 20
142 64 202
142 199 977
142 173 704
142 124 145
143 23 180
143 159 885
143 199 906
144 199 986
145 199 942
145 107 686
146 118 619
146 101 929
146 46 858
146 199 932
146 69 255
146 162 823
147 194 111
147 60 882
147 199 955
147 35 330
147 153 261
148 124 77
148 58 846
148 199 970
148 50 63
149 39 64
149 194 804
149 199 919
149 105 140
150 82 415
150 199 916
150 102 800
151 199 986
151 66 634
151 140 512
151 177 119
151 176 940
151 120 333
151 67 353
152 199 951
152 101 791
152 8 729
153 199 975
153 62 113
153 180 172
154 199 958
154 12 604
154 54 707
155 199 964
155 107 430
155 99 713
156 77 991
156 199 952
156 168 932
156 82 516
157 137 542
157 115 415
157 199 909
158 129 667
158 199 994
158 20 837
159 116 210
159 199 980
159 98 141
160 138 321
160 152 828
160 189 696
160 162 570
160 199 979
161 137 653
161 17 717
161 132 402
161 199 975
162 199 918
162 83 705
163 102 607
163 199 982
164 199 957
164 53 339
164 142 978
165 156 903
165 199 935
165 193 212
165 130 546
165 111 94
166 150 396
166 118 936
166 199 989
166 16 425
166 162 734
166 12 623
167 199 911
167 113 596
167 125 152
167 91 106
167 30 621
168 199 983
168 197 1000
168 128 365
169 101 970
169 71 654
169 199 913
169 98 419
169 140 107
169 49 101
169 17 743
170 44 915
170 199 928
170 90 758
171 60 782
171 115 717
171 137 706
171 159 789
171 9 953
171 199 969
171 110 25
171 107 355
172 199 924
172 183 518
172 20 573
173 5 667
173 12 782
173 199 983
174 199 949
174 195 801
175 111 851
175 199 977
175 120 882
176 185 890
176 109 503
176 199 903
177 27 420
177 100 125
177 199 983
177 171 915
177 189 409
178 199 923
178 113 362
178 14 999
178 61 822
178 173 919
179 82 413
179 174 864
179 5 992
179 199 937
180 51 87
180 199 980
181 137 260
181 144 471
181 157 386
181 199 940
182 18 601
182 199 917
182 173 469
183 199 906
183 8 862
184 158 894
184 157 598
184 199 962
184 54 44
185 63 578
185 68 795
185 199 934
185 53 870
185 43 923
185 50 813
185 184 367
185 149 763
186 199 936
186 29 49
186 39 992
187 199 955
187 103 692
188 199 962
188 78 183
188 1 862
189 45 703
189 135 41
189 199 964
189 129 453
189 52 922
190 58 796
190 8 152
190 199 994
190 105 233
190 37 763
190 24 369
191 118 233
191 107 308
191 199 953
191 185 309
192 136 564
192 38 900
192 199 904
193 199 971
193 45 522
193 167 632
193 68 67
194 47 596
194 79 575
194 199 947
195 199 944
195 60 269
196 91 782
196 120 569
196 199 974
197 110 50
197 182 931
197 29 404
197 199 934
197 13 784
197 169 846
198 92 890
198 199 983
198 186 276
